2 8 11506 9523 6547 11463 3509 3495 527 9495 
2 4 11506 9523 9725 512 
2 4 11506 9534 6569 485 
2 4 11506 9561 454 11420 
2 4 512 6533 9492 3671 
2 6 512 6533 9492 9478 503 11465 
2 5 9495 11508 9525 6572 3552 
2 3 11420 9500 11548 
2 3 11548 3536 11483 
1 4 13011 11549 11518 11506 
1 5 13011 11549 9561 454 11420 
1 5 11506 11491 3506 3669 3652 
1 4 11506 11491 3506 9490 
1 5 9490 551 6949 11518 11506 
1 6 9490 551 11732 6545 5291 11516 
1 2 13011 3546 
1 7 9490 3533 6531 9658 6698 698 678 
1 5 3652 9642 6698 698 678 
1 3 678 6529 9503 
1 3 9503 1346 11516 
1 5 9503 1346 3629 11502 9559 
1 5 9523 3549 9578 11563 9434 
1 4 3671 3659 655 6657 
1 7 3671 11596 629 11582 595 11565 9737 
1 4 9737 6777 9710 743 
1 5 743 11697 11699 3749 6766 
1 6 6766 11702 6775 11720 9717 9737 
1 6 620 9751 9734 6775 11702 6766 
1 5 620 3626 651 669 3671 
1 5 9737 11565 595 3598 620 
1 6 620 3621 6648 11576 9607 3594 
1 5 6766 943 9723 6960 9898 
1 4 9853 3946 6960 9898 
1 7 9898 760 11709 3754 769 9748 3594 
1 3 3594 11593 6613 
1 4 9898 11877 958 11834 
1 4 11834 911 3928 9909 
1 5 6613 3589 6784 9745 778 
1 4 6613 11794 648 3652 
1 7 512 6518 9644 667 9625 9609 3594 
1 9 11506 9523 3549 3534 553 11521 11535 3579 6449 
