state={
	id=263
	name="STATE_263"
	manpower = 1621652
	state_category=town
	provinces={ 8 39 57 71 81 93 110 117 129 160 163 172 187 194 320 3035 3057 3072 3085 3089 3110 3124 3140 3154 3163 3321 6034 6035 6073 6075 6086 6095 6131 6154 6169 6182 6189 6197 6225 9060 9102 9107 9111 9153 9177 9184 9207 9212 9234 11048 11072 11083 11093 11109 11131 11139 11165 11168 11174 11191 }
	history = {
		victory_points={ 117 5 }
		victory_points={ 3140 1 }
		owner=RUS
		add_core_of=RUS
		buildings={
			infrastructure = 2
		}
	}
	local_supplies=11.0 
}
