state={
	id=351
	name="STATE_351" # Vologda
	manpower = 1700000
	state_category=rural
	provinces={ 6 72 75 84 99 106 108 119 174 186 196 1307 2996 3000 3041 3079 3081 3087 3102 3112 3155 3157 3164 3166 3175 3177 3186 4298 4314 6088 6091 6097 6100 6110 6112 6121 6133 6166 6190 6193 6199 6202 6213 7318 7330 7898 9065 9110 9113 9124 9131 9133 9145 9155 9168 9199 9210 9213 9222 9225 9232 10200 10551 11025 11042 11051 11061 11074 11086 11095 11107 11110 11133 11170 11177 11179 11189 11192 11200 11203 11213 12393 12558 12587 }
	history={
		owner=RUS
		add_core_of=RUS
		victory_points = {
			9131 3
		}
		buildings={
			infrastructure = 2
		}
	}
}
