state={
	id=351
	name="STATE_351" # Vologda
	manpower = 1376000
	state_category=rural
	provinces={ 72 75 84 106 119 174 186 196 2996 3079 3081 3087 3102 3112 3157 3164 3166 3175 3177 3186 6088 6091 6097 6100 6110 6112 6133 6166 6190 6193 6199 6202 6213 7330 9065 9110 9113 9124 9131 9133 9168 9199 9210 9213 9222 9232 11025 11042 11051 11061 11074 11086 11095 11107 11110 11177 11189 11192 11213 }
	history={
		owner=RUS
		add_core_of=RUS
		victory_points = {
			9131 3
		}
		buildings={
			infrastructure = 2
		}
	}
}
